2628
2516
2390
2318
2276
2246
2218
2205
2189
2160
2145
2145
2113
2102
2101
2086
2080
2041
2041
2016
1992
1970
1959
1947
1938
1932
1913
1898
1897
1894
1874
1848
1842
1812
1801
1789
1786
1770
1768
1758
1736
1734
1731
1725
1717
1715
1705
1696
1696
1693
1685
1684
1669
1665
1659
1659
1656
1649
1640
1639
1635
1632
1617
1609
1604
1587
1578
1569
1564
1561
1560
1560
1554
1550
1550
1547
1544
1543
1543
1542
1540
1538
1535
1534
1533
1529
1527
1518
1510
1509
1507
1507
1507
1499
1497
1496
1492
1486
1478
1477
1469
1468
1461
1460
1458
1453
1449
1447
1437
1435
1434
1432
1431
1426
1424
1422
1415
1415
1412
1408
1404
1404
1404
1403
1402
1402
1401
1396
1396
1395
1394
1394
1392
1385
1384
1384
1383
1383
1383
1381
1377
1377
1376
1373
1368
1365
1357
1356
1354
1354
1349
1346
1346
1344
1341
1339
1339
1338
1337
1337
1334
1333
1331
1331
1328
1328
1328
1327
1326
1322
1321
1321
1320
1320
1319
1317
1317
1316
1313
1311
1310
1309
1308
1307
1306
1304
1304
1302
1300
1299
1295
1295
1295
1290
1289
1289
1289
1288
1287
1287
1287
1286
1285
1282
1280
1280
1280
1279
1278
1276
1276
1276
1274
1273
1271
1270
1269
1268
1266
1265
1263
1262
1262
1262
1260
1260
1259
1259
1258
1256
1255
1254
1254
1251
1251
1249
1247
1246
1246
1246
1244
1242
1241
1240
1238
1237
1237
1235
1234
1233
1233
1232
1230
1228
1228
1226
1225
1223
1222
1221
1220
1218
1218
1215
1215
1215
1215
1213
1213
1212
1210
1210
1209
1207
1207
1207
1203
1202
1202
1200
1199
1199
1197
1196
1193
1192
1191
1191
1191
1190
1190
1190
1189
1188
1186
1186
1185
1185
1183
1182
1181
1181
1181
1181
1181
1181
1179
1177
1176
1175
1174
1174
1173
1173
1172
1172
1171
1171
1170
1170
1169
1168
1167
1166
1166
1166
1165
1165
1164
1163
1163
1162
1162
1162
1161
1161
1161
1160
1160
1160
1159
1159
1158
1157
1157
1155
1155
1154
1153
1153
1152
1151
1149
1149
1149
1148
1147
1146
1143
1143
1143
1143
1142
1141
1141
1140
1140
1140
1139
1138
1137
1136
1136
1136
1135
1134
1129
1129
1129
1128
1126
1125
1125
1124
1120
1119
1118
1117
1116
1115
1115
1115
1114
1110
1110
1110
1109
1109
1109
1108
1108
1108
1107
1106
1106
1106
1105
1105
1105
1105
1104
1104
1102
1102
1102
1101
1101
1101
1100
1100
1098
1098
1098
1096
1095
1095
1094
1094
1094
1091
1091
1090
1088
1088
1088
1087
1086
1084
1083
1083
1083
1081
1081
1080
1080
1080
1080
1079
1079
1078
1078
1077
1076
1075
1075
1075
1075
1073
1073
1072
1072
1071
1071
1071
1070
1070
1069
1069
1067
1067
1067
1066
1066
1065
1065
1064
1064
1064
1064
1064
1063
1063
1063
1063
1062
1062
1061
1060
1060
1060
1059
1059
1059
1058
1057
1057
1057
1057
1057
1057
1057
1055
1054
1054
1052
1052
1051
1051
1050
1050
1048
1048
1047
1047
1046
1045
1045
1045
1044
1044
1044
1043
1042
1041
1041
1039
1038
1038
1037
1037
1037
1035
1034
1034
1032
1032
1031
1031
1031
1030
1030
1030
1029
1028
1027
1027
1027
1027
1026
1026
1025
1025
1024
1023
1022
1021
1021
1021
1020
1019
1019
1019
1019
1018
1018
1018
1018
1017
1017
1017
1015
1015
1015
1015
1014
1014
1013
1013
1012
1012
1011
1011
1011
1010
1010
1010
1010
1009
1008
1008
1008
1008
1008
1007
1007
1005
1003
1003
1002
1002
1002
1002
1001
1000
1000
1000
999
998
997
996
996
995
994
994
994
993
993
993
992
991
990
990
990
990
990
989
988
988
987
987
986
986
985
985
985
982
982
982
981
981
981
980
979
979
978
978
976
976
975
975
975
975
975
974
973
973
973
973
971
970
970
969
969
968
968
968
968
967
967
966
966
965
965
964
964
964
962
961
961
961
961
960
960
960
959
959
959
959
958
956
956
956
955
954
954
951
950
950
950
949
949
948
948
947
946
944
944
944
944
944
943
943
943
943
941
941
941
941
940
939
938
937
937
937
936
936
934
933
933
932
931
931
930
930
929
929
928
926
926
926
926
925
924
924
923
922
920
920
920
919
918
918
916
915
915
915
914
913
912
910
910
910
909
906
905
903
902
901
901
900
900
899
899
898
898
897
896
896
896
895
895
894
894
893
893
892
891
891
889
889
888
888
887
886
885
885
884
882
882
882
881
881
880
878
877
877
877
877
876
876
875
875
875
875
874
873
871
870
870
870
869
868
867
866
866
864
863
863
862
862
862
862
861
861
859
859
858
857
857
857
857
857
856
855
853
853
852
852
852
851
850
850
849
849
849
848
848
848
848
846
845
845
845
844
844
844
843
842
842
841
841
840
839
839
838
837
837
835
835
834
834
833
833
833
832
832
831
831
829
829
828
828
825
824
823
823
822
821
821
820
820
819
818
817
817
817
817
815
815
814
813
812
812
811
811
810
809
808
808
808
806
806
806
806
805
805
804
804
803
803
803
802
801
800
799
798
796
796
796
795
795
795
793
792
791
790
790
789
788
787
787
786
785
785
784
784
783
783
783
782
779
778
778
777
777
777
776
773
773
771
771
770
767
767
766
762
762
761
761
760
759
759
759
758
758
755
754
752
752
752
752
752
751
750
750
748
748
746
745
744
744
743
743
743
743
741
741
741
739
739
739
739
737
737
735
735
735
734
734
734
734
733
732
729
728
727
726
726
726
722
722
722
722
722
722
721
720
719
719
718
717
717
716
716
715
712
712
711
711
710
710
708
708
708
708
708
707
707
706
704
704
703
703
702
701
699
699
698
698
696
696
695
694
694
693
692
692
691
691
689
688
688
688
687
687
687
687
686
686
685
684
684
684
683
682
681
680
679
679
678
677
675
675
674
673
673
672
672
671
669
669
668
668
666
665
665
661
660
660
658
656
656
656
655
655
655
651
650
649
645
644
644
644
643
642
641
640
640
639
639
636
636
635
634
633
632
631
630
630
627
627
626
626
625
620
620
619
618
618
617
617
616
616
614
614
614
613
613
611
611
609
608
607
607
606
600
598
597
597
596
595
594
593
592
592
590
588
588
587
586
586
585
585
584
583
582
581
581
581
577
575
574
573
573
571
570
570
569
567
566
563
557
557
555
555
555
554
553
553
552
552
550
550
549
548
548
546
544
544
543
542
541
540
539
539
534
533
530
529
529
525
525
524
523
523
521
520
520
518
517
516
515
513
513
512
510
510
509
509
509
509
508
507
507
506
505
505
504
504
503
502
502
502
501
501
501
500
499
499
499
494
492
492
492
492
491
490
482
481
480
479
479
474
473
472
472
472
471
471
469
467
466
465
465
461
461
461
460
459
458
458
455
454
453
452
451
446
445
443
439
438
437
436
435
434
432
431
430
429
422
422
421
421
417
415
414
413
413
410
410
409
406
405
404
402
402
401
400
400
399
399
399
398
395
394
393
392
390
389
386
385
385
382
382
382
379
375
374
374
374
374
372
370
369
369
368
367
363
356
355
355
354
353
351
351
351
348
348
344
343
341
340
336
335
335
332
331
330
330
330
330
329
329
325
325
323
322
321
319
319
318
317
315
313
313
312
312
310
310
310
307
301
300
300
298
298
297
296
295
294
291
290
290
288
281
279
278
277
276
274
274
274
274
268
268
267
267
261
261
258
253
252
249
248
248
246
244
243
241
241
239
239
238
235
233
230
223
219
216
215
215
214
214
214
209
209
207
202
202
200
200
199
195
192
189
187
186
182
178
177
175
175
173
171
164
162
161
161
159
158
158
158
157
156
152
150
142
142
142
135
133
121
120
117
116
114
105
99
99
99
97
93
76
68
66
63
59
55
47
45
29
25
12
11
